# aim pin position per animation frame (pane px), entering the API node in comment mode
# t(ms)  x  y  (translate3d written by Aim.tsx; spring stiffness 600 / damping 34)
    0.0    577.5    242.0
   17.2    583.0    237.0
   23.0    593.0    228.5
   30.0    595.5    226.5
   38.1    598.0    224.5
   45.4    600.0    222.5
   53.6    601.5    221.5
   70.6    603.0    220.0
   78.5    604.5    219.0
   83.0    604.5    219.0
   87.7    604.5    219.0
   95.2    604.5    219.0
  100.1    604.5    219.0
  108.5    604.0    219.0
  116.9    604.0    219.5
  133.2    603.5    219.5
  141.2    603.0    220.5
  150.9    602.5    220.5
  168.5    602.0    221.0
  174.7    601.5    221.5
  182.5    601.5    221.5
  200.9    601.0    221.5
  219.4    601.0    222.0
  222.6    600.5    222.0
  246.5    600.5    222.0
  264.2    600.5    222.0
  272.4    600.5    222.0
  285.3    600.5    222.0
